lbtmp = [3017.61000000000;3373.92000000000;3425.40000000000;3449.79000000000;3478.24000000000;3494.50000000000;3505.33000000000;3512.11000000000;3518.88000000000;3525.66000000000;3532.43000000000;3537.85000000000;3541.91000000000;3544.62000000000;3548.69000000000;3550.04000000000;3554.11000000000;3558.17000000000;3560.88000000000;3566.30000000000;3573.07000000000;3578.49000000000;3590.69000000000;3601.52000000000;3612.36000000000;3623.20000000000;3632.68000000000;3642.17000000000;3655.72000000000;3667.91000000000;3684.17000000000;3700.42000000000;3712.62000000000;3726.16000000000;3741.07000000000;3758.68000000000;3772.23000000000;3788.48000000000;3803.39000000000;3818.29000000000;3831.84000000000;3844.03000000000;3857.58000000000;3868.42000000000;3883.32000000000;3898.22000000000;3911.77000000000;3923.96000000000;3936.16000000000;3945.64000000000;3955.12000000000;3964.61000000000;3971.38000000000;3978.15000000000;3984.93000000000;3993.06000000000;3995.77000000000;3998.48000000000;4001.19000000000;4002.54000000000;4003.90000000000;4006.60000000000;4009.31000000000;4012.02000000000;4013.38000000000;4016.09000000000;4018.80000000000;4020.15000000000;4022.86000000000;4025.57000000000;4028.28000000000;4032.35000000000;4033.70000000000;4039.12000000000;4043.18000000000;4047.25000000000;4051.31000000000;4055.38000000000;4062.15000000000;4070.28000000000;4079.76000000000;4090.60000000000;4102.79000000000;4119.05000000000;4139.37000000000;4159.70000000000;4180.02000000000;4213.89000000000;4251.82000000000;4566.13000000000;]