global lbtmp

%lbtmp =[3017.61000000000;3373.92000000000;3425.40000000000;3449.79000000000;3478.24000000000;3494.50000000000;3505.33000000000;3512.11000000000;3518.88000000000;3525.66000000000;3532.43000000000;3537.85000000000;3541.91000000000;3544.62000000000;3548.69000000000;3550.04000000000;3554.11000000000;3558.17000000000;3560.88000000000;3566.30000000000;3573.07000000000;3578.49000000000;3590.69000000000;3601.52000000000;3612.36000000000;3623.20000000000;3632.68000000000;3642.17000000000;3655.72000000000;3667.91000000000;3684.17000000000;3700.42000000000;3712.62000000000;3726.16000000000;3741.07000000000;3758.68000000000;3772.23000000000;3788.48000000000;3803.39000000000;3818.29000000000;3831.84000000000;3844.03000000000;3857.58000000000;3868.42000000000;3883.32000000000;3898.22000000000;3911.77000000000;3923.96000000000;3936.16000000000;3945.64000000000;3955.12000000000;3964.61000000000;3971.38000000000;3978.15000000000;3984.93000000000;3993.06000000000;3995.77000000000;3998.48000000000;4001.19000000000;4002.54000000000;4003.90000000000;4006.60000000000;4009.31000000000;4012.02000000000;4013.38000000000;4016.09000000000;4018.80000000000;4020.15000000000;4022.86000000000;4025.57000000000;4028.28000000000;4032.35000000000;4033.70000000000;4039.12000000000;4043.18000000000;4047.25000000000;4051.31000000000;4055.38000000000;4062.15000000000;4070.28000000000;4079.76000000000;4090.60000000000;4102.79000000000;4119.05000000000;4139.37000000000;4159.70000000000;4180.02000000000;4213.89000000000;4251.82000000000;4566.13000000000;];

lbtmp =[3500;3506.93070000000;3513.86140000000;3520.79210000000;3527.72280000000;3534.65350000000;3541.58420000000;3548.51490000000;3555.44550000000;3562.37620000000;3569.30690000000;3576.23760000000;3583.16830000000;3590.09900000000;3597.02970000000;3603.96040000000;3610.89110000000;3617.82180000000;3624.75250000000;3631.68320000000;3638.61390000000;3645.54460000000;3652.47520000000;3659.40590000000;3666.33660000000;3673.26730000000;3680.19800000000;3687.12870000000;3694.05940000000;3700.99010000000;3707.92080000000;3714.85150000000;3721.78220000000;3728.71290000000;3735.64360000000;3742.57430000000;3749.50500000000;3756.43560000000;3763.36630000000;3770.29700000000;3777.22770000000;3784.15840000000;3791.08910000000;3798.01980000000;3804.95050000000;3811.88120000000;3818.81190000000;3825.74260000000;3832.67330000000;3839.60400000000;3846.53470000000;3853.46530000000;3860.39600000000;3867.32670000000;3874.25740000000;3881.18810000000;3888.11880000000;3895.04950000000;3901.98020000000;3908.91090000000;3915.84160000000;3922.77230000000;3929.70300000000;3936.63370000000;3943.56440000000;3950.49500000000;3957.42570000000;3964.35640000000;3971.28710000000;3978.21780000000;3985.14850000000;3992.07920000000;3999.00990000000;4005.94060000000;4012.87130000000;4019.80200000000;4026.73270000000;4033.66340000000;4040.59410000000;4047.52480000000;4054.45540000000;4061.38610000000;4068.31680000000;4075.24750000000;4082.17820000000;4089.10890000000;4096.03960000000;4102.97030000000;4109.90100000000;4116.83170000000;4123.76240000000;4130.69310000000;4137.62380000000;4144.55450000000;4151.48510000000;4158.41580000000;4165.34650000000;4172.27720000000;4179.20790000000;4186.13860000000;];

