%indices
%-------

YF3_l=[0.400
    0.45
    0.485
    0.535
    0.600
    0.670
    0.780
    0.92
    1.12
    1.45
    2
    2.8
    3
    3.0284
    3.0573
    3.0868
    3.1169
    3.1475
    3.1788
    3.2107
    3.2432
    3.2765
    3.3103
    3.3449
    3.3803
    3.4164
    3.4532
    3.4909
    3.5294
    3.5688
    3.609
    3.6502
    3.6923
    3.7354
    3.7795
    3.8247
    3.871
    3.9184
    3.9669
    4.0167
    4.0678
    4.1202
    4.1739
    4.2291
    4.2857
    4.3439
    4.4037
    4.4651
    4.5283
    4.5933
    4.6602
    4.7291
    4.8
    4.8731
    4.9485
    5.0262
    5.1064
    5.1892
    5.2747
    5.3631
    5.4545
    5.5491
    5.6471
    5.7485
    5.8537
    5.9627
    6.0759
    6.1935
    6.3158
    6.443
    6.5753
    6.7133
    6.8571
    7.0073
    7.1642
    7.3282
    7.5
    7.68
    7.8689
    8.0672
    8.2759
    8.4956
    8.7273
    8.972
    9.2308
    9.505
    9.7959
    10.105
    10.435
    10.787
    11.163
    11.566
    12
    12.467
    12.973
    13.521
    14.118
    14.769
    15.484
    16.271
    20.271
];


YF3_n=[1.5855
    1.5651
    1.5528
    1.5344
    1.5241
    1.5139
    1.5037
    1.4986
    1.4904
    1.483
    1.4781    
    1.4636
    1.4736
    1.4746
    1.4767
    1.4728
    1.4721
    1.4741
    1.4764
    1.4775
    1.4764
    1.4753
    1.4742
    1.4731
    1.4719
    1.4707
    1.4695
    1.4689
    1.4682
    1.4675
    1.4668
    1.4661
    1.4652
    1.4649
    1.4645
    1.4641
    1.4636
    1.4632
    1.4628
    1.4624
    1.4621
    1.4618
    1.4614
    1.4611
    1.4609
    1.4606
    1.4604
    1.4602
    1.46
    1.4599
    1.4598
    1.4597
    1.4594
    1.4594
    1.4593
    1.4589
    1.4586
    1.4582
    1.4576
    1.4569
    1.4561
    1.455
    1.4539
    1.4527
    1.4514
    1.4506
    1.4568
    1.4533
    1.4522
    1.4511
    1.4501
    1.4492
    1.4433
    1.4405
    1.4351
    1.4316
    1.4301
    1.4253
    1.4208
    1.4152
    1.4105
    1.4057
    1.4028
    1.4009
    1.3908
    1.3835
    1.3753
    1.3559
    1.3419
    1.3261
    1.3063
    1.2843
    1.2631
    1.2386
    1.2185
    1.1804
    1.12
    1.0596
    0.99709
    0.93657
    0.93657
];

%YF3_k(1:size(YF3_l,1))=0;
YF3_k=[0
    0
    0
    0
    0
    0
    0
    0.020702
    0.020702
    0.020702
    0.020702    
    0.031525
    0.031525
    0.029888
    0.028125
    0.026014
    0.023491
    0.020702
    0.018072
    0.015714
    0.013244
    0.011327
    0.009497
    0.007819
    0.006511
    0.004039
    0.001904
    0.001884
    0.001221
    0.001036
    0.000848
    0.00094
    0.000626
    0.000984
    0.00104
    0.00116
    0.001243
    0.001312
    0.001785
    0.002005
    0.002213
    0.002222
    0.002634
    0.002964
    0.003328
    0.002548
    0.002334
    0.00212
    0.002124
    0.001827
    0.001963
    0.002006
    0.001972
    0.001883
    0.001749
    0.001467
    0.00135
    0.001228
    0.001238
    0.001268
    0.001347
    0.001765
    0.002198
    0.003914
    0.007186
    0.016202
    0.023462
    0.014419
    0.009328
    0.008542
    0.007901
    0.005854
    0.00565
    0.005575
    0.004924
    0.004618
    0.004882
    0.00463
    0.004921
    0.004851
    0.004572
    0.005046
    0.005214
    0.005608
    0.005817
    0.006712
    0.007293
    0.008653
    0.011357
    0.016544
    0.021502
    0.029123
    0.039685
    0.043876
    0.05553
    0.063682
    0.074324
    0.085119
    0.096283
    0.11125
    0.11125
];

