%Indices à 298 K
%---------------


asga_l=1e-4*[35423
41327
42752
44279
45919
47685
49592
51658
53904
56355
59038
61990
65253
68878
72929
77488
82653
88557
95369
1.0332e+005
1.1271e+005
1.2398e+005
1.3776e+005
1.5498e+005
1.7711e+005
1.9074e+005
1.9222e+005
2.0663e+005
2.0837e+005
2.1751e+005
2.2959e+005
2.3842e+005
2.5047e+005
2.6379e+005
2.778e+005
2.8573e+005
2.9414e+005
3.0298e+005
3.1245e+005];

asga_n=[3.3075
3.3027
3.3017
3.3008
3.2998
3.2988
3.2978
3.2968
3.2954
3.2946
3.2934
3.2921
3.2907
3.2891
3.2874
3.2854
3.2831
3.2803
3.2769
3.2727
3.2671
3.2597
3.2493
3.2336
3.2081
3.1886
3.205
3.1609
3.176
3.157
3.126
3.1
3.058
2.997
2.913
2.851
2.77
2.659
2.495];

asga_k=[0
0
0
0
0
0
0
0
0
0
0
0
0
0
0
0
0
0
0
0
0
4.93e-006
1.64e-005
2.83e-005
0.000232
0.00827
0.00627
0.00345
0.00318
0.0045
0.00456
0.00343
0.00207
0.00233
0.0065
0.0084
0.0113
0.0159
0.0243];

