% ; WAVENUMBER 54.63500 54.63500
data=[385.76230 20.44505 241.82330 
401.19279 16.07110 277.97208 
416.62328 15.44314 97.84051 
432.05377 13.27087 97.69588 
447.48427 12.38090 97.56689 
462.91476 14.05109 159.11673 
478.34525 14.62777 170.19514 
493.77574 14.62768 175.43990 
509.20623 15.44494 177.42110 
524.63672 17.06574 181.10793 
540.06722 18.39108 179.95087 
555.49771 18.57243 175.97249 
570.92820 18.33165 175.20125 
586.35869 19.00130 175.60435 
601.78918 19.87108 174.82216 
617.21967 20.00171 174.67636 
632.65016 20.11757 175.68750 
648.08066 20.31700 175.65916 
663.51115 20.24019 174.64182 
678.94164 20.32014 174.08099 
694.37213 20.63978 173.18538 
709.80262 20.95412 172.22530 
725.23311 20.83405 172.63968 
740.66361 20.52298 173.62857 
756.09410 20.59596 173.55360 
771.52459 20.36733 172.52414 
786.95508 20.55303 172.30870 
802.38557 22.13315 171.91119 
817.81606 22.96429 170.75197 
833.24656 22.98399 170.51846 
848.67705 23.56015 171.02122 
864.10754 23.84505 171.15623 
879.53803 23.33244 171.53516 
894.96852 22.85040 172.00865 
910.39901 22.53378 171.95190 
925.82951 22.13952 171.78183 
941.26000 21.77248 171.50372 
956.69049 21.38927 170.75674 
972.12098 20.98331 170.32153 
987.55147 20.50247 170.07639 
1002.98196 20.25585 169.33669 
1018.41246 20.85882 168.85356 
1033.84295 21.71807 168.81105 
1049.27344 22.71445 168.73228 
1064.70393 25.07642 168.07854 
1080.13442 28.71112 166.93860 
1095.56491 31.43032 164.77522 
1110.99541 31.34118 161.77995 
1126.42590 28.64296 160.66888 
1141.85639 25.53867 163.14153 
1157.28688 24.20411 166.23267 
1172.71737 24.00337 167.64807 
1188.14786 23.89342 168.58086 
1203.57836 23.84003 169.24715 
1219.00885 23.74790 169.84348 
1234.43934 23.79270 169.81662 
1249.86983 24.23652 167.84052 
1265.30032 24.11737 166.96243 
1280.73081 23.55156 168.76704 
1296.16131 23.56540 170.13495 
1311.59180 23.71860 169.86487 
1327.02229 23.85316 169.81081 
1342.45278 24.11466 169.90988 
1357.88327 24.03425 169.49353 
1373.31376 24.04513 169.14757 
1388.74426 24.17764 168.89178 
1404.17475 23.97224 168.49928 
1419.60524 23.82021 168.56262 
1435.03573 23.78648 168.62141 
1450.46622 23.92614 168.30882 
1465.89671 24.37167 168.55087 
1481.32721 24.80297 168.59721 
1496.75770 25.21528 167.79118 
1512.18819 25.10747 167.17506 
1527.61868 24.33554 167.29576 
1543.04917 24.04414 167.26297 
1558.47966 23.89930 167.38544 
1573.91016 23.72114 167.31306 
1589.34065 23.78542 166.74225 
1604.77114 23.94485 166.45107 
1620.20163 24.11926 166.85289 
1635.63212 24.16962 167.22289 
1651.06261 24.06196 166.85327 
1666.49310 24.01444 166.22879 
1681.92360 24.19209 166.12199 
1697.35409 24.71968 166.48730 
1712.78458 24.94434 165.93318 
1728.21507 24.65144 164.72046 
1743.64556 24.34043 164.58723 
1759.07605 24.25939 165.34047 
1774.50655 24.28187 165.47894 
1789.93704 24.30095 165.25688 
1805.36753 24.21926 165.25771 
1820.79802 24.10858 165.51630 
1836.22851 24.02428 164.87677 
1851.65900 23.91592 163.68140 
1867.08950 23.95171 164.45708 
1882.51999 24.18296 166.05170 
1897.95048 24.25487 166.01804 
1913.38097 24.15500 165.23752 
1928.81146 24.15853 164.05969 
1944.24195 24.10919 162.45493 
1959.67245 23.97662 162.92239 
1975.10294 24.00109 165.34592 
1990.53343 24.07514 166.44026 
2005.96392 24.09311 166.03795 
2021.39441 24.22602 165.68155 
2036.82490 24.31258 163.80180 
2052.25540 24.06422 161.38428 
2067.68589 23.78016 161.79826 
2083.11638 23.70345 163.57689 
2098.54687 23.65814 164.31747 
2113.97736 23.73615 165.40118 
2129.40785 24.09476 166.85324 
2144.83835 24.31701 165.35977 
2160.26884 24.06631 162.06848 
2175.69933 23.70550 160.98541 
2191.12982 23.52878 161.03912 
2206.56031 23.47406 161.05573 
2221.99080 23.60833 163.03925 
2237.42130 23.96873 166.04182 
2252.85179 24.23541 166.32713 
2268.28228 24.18508 164.05406 
2283.71277 24.19464 163.35722 
2299.14326 24.20421 162.66040 
2314.57375 24.21378 161.96358 
2330.00425 24.22334 161.26674 
2345.43474 24.23291 160.56992 
2360.86523 24.24248 159.87308 
2376.29572 24.25204 159.17625 
2391.72621 24.26161 158.47943 
2407.15670 24.27117 157.78259 
2422.58720 24.28074 157.08577 
2438.01769 24.29031 156.38895 
2453.44818 23.90679 158.44090 
2468.87867 23.70679 159.13577 
2484.30916 23.81081 159.83569 
2499.73965 24.16311 161.65393 
2515.17015 24.48470 163.41864 
2530.60064 24.53429 162.69376 
2546.03113 24.31514 160.14090 
2561.46162 24.06294 158.11954 
2576.89211 23.94424 156.88780 
2592.32260 23.89265 156.43770 
2607.75310 23.85519 157.91014 
2623.18359 23.87249 160.57053 
2638.61408 23.93905 161.70299 
2654.04457 24.05885 160.83211 
2669.47506 24.24614 159.67383 
2684.90555 24.37702 158.10776 
2700.33604 24.29618 156.16690 
2715.76654 24.05738 155.36285 
2731.19703 23.82731 155.84843 
2746.62752 23.76260 156.72951 
2762.05801 24.03858 157.67087 
2777.48850 24.56473 158.50517 
2792.91899 24.91929 158.52631 
2808.34949 24.93359 157.35320 
2823.77998 24.83365 155.78287 
2839.21047 24.76173 154.60353 
2854.64096 24.74018 154.09048 
2870.07145 24.88889 154.51820 
2885.50194 25.19066 155.13522 
2900.93244 25.40477 155.11708 
2916.36293 25.45267 154.91570 
2931.79342 25.54540 154.68549 
2947.22391 25.68301 154.32286 
2962.65440 25.74405 154.47333 
2978.08489 25.71362 154.54132 
2993.51539 25.56668 154.12712 
3008.94588 25.47522 154.28987 
3024.37637 25.60210 154.99976 
3039.80686 25.76990 155.09320 
3055.23735 25.84589 154.58049 
3070.66784 25.94693 154.27792 
3086.09834 26.08392 154.21092 
3101.52883 26.06972 153.89708 
3116.95932 25.86572 153.27637 
3132.38981 25.60075 152.35745 
3147.82030 25.31196 151.63228 
3163.25079 25.10989 152.10779 
3178.68129 25.20569 153.40669 
3194.11178 25.46672 153.96519 
3209.54227 25.55103 153.64333 
3224.97276 25.51578 152.99211 
3240.40325 25.52965 151.64362 
3255.83374 25.49287 150.17613 
3271.26424 25.42255 150.00961 
3286.69473 25.45978 150.95815 
3302.12522 25.57255 151.80280 
3317.55571 25.65528 152.16306 
3332.98620 25.76701 152.31096 
3348.41669 25.99071 151.91666 
3363.84719 26.15479 150.95039 
3379.27768 26.15643 150.48137 
3394.70817 26.14824 150.69072 
3410.13866 26.18305 150.65857 
3425.56915 26.22231 150.34229 
3440.99964 26.32695 150.40286 
3456.43014 26.54946 150.74767 
3471.86063 26.78865 150.75804 
3487.29112 26.88687 150.37526 
3502.72161 26.85774 150.05864 
3518.15210 26.84408 149.76122 
3533.58259 26.83588 149.05977 
3549.01309 26.78482 148.47691 
3564.44358 26.77315 148.63974 
3579.87407 26.84041 148.99423 
3595.30456 26.91687 148.89404 
3610.73505 26.96370 148.78021 
3626.16554 27.04895 148.93571 
3641.59604 27.23896 148.73453 
3657.02653 27.32889 148.02568 
3672.45702 27.10708 147.25420 
3687.88751 26.79247 147.06543 
3703.31800 26.65919 147.15231 
3718.74849 26.61134 146.82927 
3734.17898 26.58861 146.74898 
3749.60948 26.67953 147.04596 
3765.03997 26.78821 146.24159 
3780.47046 26.75391 145.33206 
3795.90095 26.64174 144.89438 
3811.33144 26.60517 144.38383 
3826.76193 26.58530 143.62900 
3842.19243 26.46512 143.70457 
3857.62292 26.40685 144.59409 
3873.05341 26.48879 144.98892 
3888.48390 26.59084 144.60309 
3903.91439 26.64911 144.14374 
3919.34488 26.74053 143.65407 
3934.77538 26.82459 142.76027 
3950.20587 26.72619 142.18930 
3965.63636 26.57133 142.37442 
3981.06685 26.60867 142.63617 
3996.49734 26.78020 142.83960 
4011.92783 26.90591 143.23911 
4027.35833 27.02489 143.44167 
4042.78882 27.18107 142.92859 
4058.21931 27.20577 142.04605 
4073.64980 27.10127 141.37712 
4089.08029 27.05869 141.05960 
4104.51078 27.06958 141.00136 
4119.94128 27.06847 141.17001 
4135.37177 27.12264 141.41699 
4150.80226 27.27639 141.34102 
4166.23275 27.41369 140.98196 
4181.66324 27.46049 140.64786 
4197.09373 27.54593 140.41782 
4212.52423 27.67026 140.18324 
4227.95472 27.63685 139.92076 
