% WAVENUMBER 59.83500 59.83500
data=[385.76230 0.00000 122.36090 
401.19279 3.90622 91.95509 
416.62328 9.71323 92.20965 
432.05377 4.55453 163.12613 
447.48427 0.00000 179.50740 
462.91476 3.75952 179.84700 
478.34525 7.19915 176.89621 
493.77574 9.02677 177.51328 
509.20623 11.22307 173.45470 
524.63672 11.87203 172.81342 
540.06722 11.65249 174.15086 
555.49771 12.92343 167.84186 
570.92820 14.39008 162.44577 
586.35869 15.32881 163.43703 
601.78918 15.70876 165.06255 
617.21967 15.54624 165.67220 
632.65016 15.55088 165.78529 
648.08066 15.94784 167.21106 
663.51115 16.37610 169.14761 
678.94164 16.39009 169.31473 
694.37213 16.06764 168.34206 
709.80262 16.00829 166.90587 
725.23311 16.10108 165.07680 
740.66361 16.19129 163.87582 
756.09410 16.21198 164.74094 
771.52459 15.50521 165.88608 
786.95508 15.84967 165.11391 
802.38557 18.43030 163.87582 
817.81606 19.42118 163.78897 
833.24656 19.23890 163.80991 
848.67705 20.19501 163.17622 
864.10754 20.64219 162.53174 
879.53803 19.85919 163.81522 
894.96852 18.90784 166.24362 
910.39901 18.19113 166.73439 
925.82951 17.81204 165.73056 
941.26000 17.66201 164.91231 
956.69049 17.39829 163.74866 
972.12098 16.91555 162.24814 
987.55147 16.17371 160.82190 
1002.98196 15.61053 159.75421 
1018.41246 16.12144 159.40103 
1033.84295 17.19864 159.66652 
1049.27344 18.68009 160.26886 
1064.70393 21.73550 160.08571 
1080.13442 26.30267 159.40820 
1095.56491 29.95651 157.16248 
1110.99541 30.28535 153.02425 
1126.42590 27.25632 150.26295 
1141.85639 23.00547 152.30630 
1157.28688 20.56811 156.87949 
1172.71737 20.10232 159.05878 
1188.14786 19.91847 159.94606 
1203.57836 19.75037 160.94395 
1219.00885 19.55856 161.83607 
1234.43934 19.75137 161.74007 
1249.86983 20.63389 158.93248 
1265.30032 20.50619 157.51854 
1280.73081 19.44741 160.21638 
1296.16131 19.24709 162.68541 
1311.59180 19.75929 162.75743 
1327.02229 19.85147 162.52757 
1342.45278 19.85328 162.35982 
1357.88327 20.26563 162.37381 
1373.31376 20.34462 162.02118 
1388.74426 19.86520 161.08971 
1404.17475 19.84023 160.68777 
1419.60524 20.03733 160.60373 
1435.03573 20.15584 160.69432 
1450.46622 20.31684 160.69937 
1465.89671 19.95492 159.81084 
1481.32721 20.52238 159.66728 
1496.75770 22.11793 160.35870 
1512.18819 22.00538 159.88745 
1527.61868 20.30393 159.08014 
1543.04917 19.90933 158.71834 
1558.47966 19.93460 157.85631 
1573.91016 20.15694 158.27271 
1589.34065 20.39254 159.12340 
1604.77114 20.26857 159.02553 
1620.20163 19.98416 158.10817 
1635.63212 19.85174 157.13203 
1651.06261 20.13403 157.16072 
1666.49310 20.67418 158.03656 
1681.92360 20.97479 158.62050 
1697.35409 20.92610 158.30377 
1712.78458 21.14906 156.08302 
1728.21507 21.32954 153.99956 
1743.64556 20.99372 154.73022 
1759.07605 20.86293 156.39925 
1774.50655 20.79312 156.34772 
1789.93704 20.49418 155.50093 
1805.36753 20.34792 154.31253 
1820.79802 20.34250 154.24673 
1836.22851 20.59494 155.14487 
1851.65900 20.88916 154.34921 
1867.08950 20.86804 153.24915 
1882.51999 20.69884 153.27425 
1897.95048 20.46206 153.19763 
1913.38097 20.41497 153.79665 
1928.81146 20.76538 154.71329 
1944.24195 21.02058 153.52481 
1959.67245 20.90847 151.75996 
1975.10294 20.73090 151.22411 
1990.53343 20.58844 151.13226 
2005.96392 20.50957 151.76985 
2021.39441 20.65262 153.87096 
2036.82490 20.91569 155.01846 
2052.25540 20.97627 153.14488 
2067.68589 20.82330 150.70201 
2083.11638 20.75153 149.01482 
2098.54687 20.77409 147.69415 
2113.97736 20.74177 148.40102 
2129.40785 20.70371 151.43633 
2144.83835 20.67596 153.62563 
2160.26884 20.61642 152.80806 
2175.69933 20.62940 151.20093 
2191.12982 20.86500 149.49745 
2206.56031 21.14946 146.95450 
2221.99080 21.15606 146.17801 
2237.42130 20.95148 147.97639 
2252.85179 20.73274 149.78772 
2268.28228 20.58680 150.29651 
2283.71277 20.66453 150.18840 
2299.14326 20.74226 150.08028 
2314.57375 20.81999 149.97217 
2330.00425 20.89771 149.86404 
2345.43474 20.97544 149.75594 
2360.86523 21.05317 149.64781 
2376.29572 21.13090 149.53970 
2391.72621 21.20863 149.43158 
2407.15670 21.28636 149.32347 
2422.58720 21.36409 149.21536 
2438.01769 21.44182 149.10724 
2453.44818 21.15191 146.97090 
2468.87867 21.16811 145.46758 
2484.30916 21.30197 144.42900 
2499.73965 21.36465 144.56520 
2515.17015 21.24357 146.51038 
2530.60064 21.01027 148.57449 
2546.03113 20.81889 148.73128 
2561.46162 20.86846 148.02669 
2576.89211 21.19384 147.72575 
2592.32260 21.49300 146.33397 
2607.75310 21.49557 143.98499 
2623.18359 21.25128 143.13065 
2638.61408 20.96876 143.89114 
2654.04457 20.84875 144.60881 
2669.47506 20.94510 145.39932 
2684.90555 21.19252 147.13237 
2700.33604 21.39189 147.88855 
2715.76654 21.37006 145.87772 
2731.19703 21.27318 143.21371 
2746.62752 21.25150 141.94101 
2762.05801 21.31441 141.71896 
2777.48850 21.49268 142.15326 
2792.91899 21.63548 143.51979 
2808.34949 21.56011 144.82938 
2823.77998 21.42833 144.58678 
2839.21047 21.51464 143.62915 
2854.64096 21.78287 143.13731 
2870.07145 21.99508 142.51225 
2885.50194 22.12514 141.87125 
2900.93244 22.19136 141.80516 
2916.36293 22.12365 141.92728 
2931.79342 22.07052 141.66774 
2947.22391 22.16830 141.24292 
2962.65440 22.32159 141.37376 
2978.08489 22.41755 141.76227 
2993.51539 22.39918 141.62317 
3008.94588 22.40681 141.26791 
3024.37637 22.50618 141.21675 
3039.80686 22.53701 141.31100 
3055.23735 22.49417 141.24452 
3070.66784 22.50563 140.99490 
3086.09834 22.62389 140.89148 
3101.52883 22.74552 141.26137 
3116.95932 22.70154 141.72522 
3132.38981 22.52540 141.46788 
3147.82030 22.38115 140.47647 
3163.25079 22.36082 139.37099 
3178.68129 22.39211 138.68546 
3194.11178 22.39151 138.71523 
3209.54227 22.41268 139.37657 
3224.97276 22.40966 140.25255 
3240.40325 22.35748 140.54213 
3255.83374 22.46119 139.97997 
3271.26424 22.71488 139.30040 
3286.69473 22.84786 138.77769 
3302.12522 22.83983 138.30280 
3317.55571 22.82303 138.17043 
3332.98620 22.79361 138.35664 
3348.41669 22.73905 138.47957 
3363.84719 22.78154 138.59305 
3379.27768 23.03668 138.87048 
3394.70817 23.32611 138.93431 
3410.13866 23.41841 138.51894 
3425.56915 23.43343 137.76733 
3440.99964 23.50372 136.85121 
3456.43014 23.56749 136.09944 
3471.86063 23.63350 135.97089 
3487.29112 23.72449 136.46172 
3502.72161 23.79199 136.81657 
3518.15210 23.80935 136.82744 
3533.58259 23.79373 136.71992 
3549.01309 23.84118 136.22990 
3564.44358 23.97961 135.52075 
3579.87407 24.04261 134.87914 
3595.30456 24.00735 134.51582 
3610.73505 24.02381 134.82965 
3626.16554 24.10288 135.11639 
3641.59604 24.14148 134.86980 
3657.02653 24.12154 134.79099 
3672.45702 24.10415 134.89323 
3687.88751 24.15078 134.97861 
3703.31800 24.20663 134.79703 
3718.74849 24.13425 134.41496 
3734.17898 23.97511 134.16788 
3749.60948 23.96951 133.67859 
3765.03997 23.91916 133.66461 
3780.47046 23.81778 134.29265 
3795.90095 23.89824 134.71996 
3811.33144 24.08925 134.62544 
3826.76193 24.22293 134.21953 
3842.19243 24.36298 133.55791 
3857.62292 24.43367 132.58220 
3873.05341 24.30928 131.91322 
3888.48390 24.08135 132.14001 
3903.91439 23.98974 132.59442 
3919.34488 24.04923 132.76022 
3934.77538 24.10828 133.01613 
3950.20587 24.24359 133.22368 
3965.63636 24.45506 132.85655 
3981.06685 24.55645 131.94299 
3996.49734 24.52779 131.14706 
4011.92783 24.51325 130.82109 
4027.35833 24.50523 130.78854 
4042.78882 24.44507 130.92561 
4058.21931 24.42888 131.10399 
4073.64980 24.54184 131.16512 
4089.08029 24.73261 130.98621 
4104.51078 24.87479 130.57191 
4119.94128 24.95622 130.13306 
4135.37177 25.04931 129.82864 
4150.80226 25.10589 129.48405 
4166.23275 25.05048 129.14586 
4181.66324 24.94612 129.19440 
4197.09373 24.92543 129.27264 
4212.52423 25.02223 128.96002 
4227.95472 25.18176 128.71393 
