% WAVENUMBER 44.87000 44.87000


data=[385.76230 11.94413 173.95349 
401.19279 18.83879 172.93924 
416.62328 22.74702 184.81064 
432.05377 23.35064 190.42142 
447.48427 23.83978 179.58467 
462.91476 24.02091 177.00842 
478.34525 22.60681 182.01625 
493.77574 23.47254 183.59488 
509.20623 25.76107 183.18918 
524.63672 26.69338 181.57819 
540.06722 27.43775 180.97746 
555.49771 28.47342 182.18439 
570.92820 28.87135 182.47083 
586.35869 28.60507 181.33134 
601.78918 28.60062 180.96481 
617.21967 29.04133 181.06487 
632.65016 29.13183 180.87564 
648.08066 29.05826 180.96045 
663.51115 29.28670 180.52560 
678.94164 29.63192 179.50497 
694.37213 29.78290 179.33214 
709.80262 29.73645 179.16623 
725.23311 29.65305 178.53111 
740.66361 29.61424 178.01149 
756.09410 29.67226 177.70720 
771.52459 29.54139 177.89299 
786.95508 29.62529 178.28554 
802.38557 30.64748 177.73735 
817.81606 31.23890 177.35847 
833.24656 31.20038 177.29646 
848.67705 31.61701 176.81479 
864.10754 31.95597 176.76553 
879.53803 31.71898 177.23439 
894.96852 31.33735 177.50797 
910.39901 31.07902 177.72603 
925.82951 30.84511 177.77753 
941.26000 30.53829 177.40822 
956.69049 30.24265 176.94989 
972.12098 29.94604 176.59732 
987.55147 29.54044 176.06567 
1002.98196 29.36261 175.35371 
1018.41246 29.75531 175.02524 
1033.84295 30.36653 174.93747 
1049.27344 31.13234 174.69757 
1064.70393 32.57412 174.61502 
1080.13442 34.74718 174.11244 
1095.56491 36.18357 172.52914 
1110.99541 35.70598 171.08075 
1126.42590 33.94205 171.38052 
1141.85639 32.48898 173.51328 
1157.28688 32.06067 175.38307 
1172.71737 32.04723 175.97256 
1188.14786 32.05681 176.03102 
1203.57836 32.03588 176.18512 
1219.00885 31.96759 176.55034 
1234.43934 31.97267 176.28409 
1249.86983 32.14709 175.20912 
1265.30032 32.06672 175.15312 
1280.73081 31.83158 176.15913 
1296.16131 31.88829 176.63432 
1311.59180 32.03340 176.37950 
1327.02229 32.12745 176.37611 
1342.45278 32.17646 176.56384 
1357.88327 32.12521 176.47461 
1373.31376 32.19625 176.22530 
1388.74426 32.20998 175.99748 
1404.17475 32.04158 175.80569 
1419.60524 31.95528 175.74486 
1435.03573 31.96814 175.64102 
1450.46622 32.12127 175.39600 
1465.89671 32.29044 175.41086 
1481.32721 32.50030 175.42143 
1496.75770 32.92473 175.11250 
1512.18819 32.93621 174.84480 
1527.61868 32.27150 174.88812 
1543.04917 31.95078 174.99342 
1558.47966 31.89663 174.91919 
1573.91016 31.91302 174.82422 
1589.34065 32.03268 174.88284 
1604.77114 32.11272 174.96806 
1620.20163 32.07352 174.93327 
1635.63212 31.98107 174.69009 
1651.06261 32.00602 174.49559 
1666.49310 32.19434 174.50668 
1681.92360 32.39019 174.68155 
1697.35409 32.55227 174.78827 
1712.78458 32.56089 174.19824 
1728.21507 32.34156 173.49954 
1743.64556 32.16824 173.57047 
1759.07605 32.24083 173.83609 
1774.50655 32.25365 173.71370 
1789.93704 32.17085 174.00000 
1805.36753 31.97768 174.22978 
1820.79802 31.77201 174.59055 
1836.22851 31.90715 175.99474 
1851.65900 32.08190 176.30547 
1867.08950 31.94814 175.26199 
1882.51999 31.77607 174.66374 
1897.95048 31.61573 174.39781 
1913.38097 31.66764 175.40695 
1928.81146 32.03820 176.73741 
1944.24195 32.15554 175.99748 
1959.67245 31.90819 175.22501 
1975.10294 31.65653 175.39569 
1990.53343 31.43492 174.63307 
2005.96392 31.43024 174.74486 
2021.39441 31.65336 176.88478 
2036.82490 31.76767 178.06558 
2052.25540 31.76403 177.70734 
2067.68589 31.83101 177.55238 
2083.11638 31.77476 176.50627 
2098.54687 31.43017 174.63011 
2113.97736 31.08578 174.94254 
2129.40785 30.94533 176.80978 
2144.83835 31.02074 177.94611 
2160.26884 31.36393 179.03590 
2175.69933 31.78971 179.88545 
2191.12982 31.85320 178.33434 
2206.56031 31.45285 175.84808 
2221.99080 30.96824 175.22606 
2237.42130 30.72341 175.37363 
2252.85179 30.81755 175.76207 
2268.28228 31.15191 177.61391 
2283.71277 31.23773 177.55641 
2299.14326 31.32356 177.49893 
2314.57375 31.40938 177.44145 
2330.00425 31.49521 177.38397 
2345.43474 31.58104 177.32648 
2360.86523 31.66686 177.26900 
2376.29572 31.75269 177.21152 
2391.72621 31.83851 177.15404 
2407.15670 31.92434 177.09654 
2422.58720 32.01017 177.03906 
2438.01769 32.09599 176.98158 
2453.44818 31.82682 175.47693 
2468.87867 31.50882 173.85219 
2484.30916 31.09138 173.31422 
2499.73965 30.87432 173.52850 
2515.17015 30.99333 174.54527 
2530.60064 31.23990 176.67690 
2546.03113 31.42230 178.41679 
2561.46162 31.52345 178.15759 
2576.89211 31.47273 176.45576 
2592.32260 31.17301 174.70236 
2607.75310 30.86540 173.56987 
2623.18359 30.78068 173.59384 
2638.61408 30.76610 174.78279 
2654.04457 30.80107 176.13481 
2669.47506 31.03953 177.08072 
2684.90555 31.30191 177.43390 
2700.33604 31.35278 176.48233 
2715.76654 31.30044 174.67171 
2731.19703 31.16059 173.21852 
2746.62752 30.86112 172.38243 
2762.05801 30.82676 172.21754 
2777.48850 31.28881 172.73369 
2792.91899 31.71313 173.38742 
2808.34949 31.82549 173.51794 
2823.77998 31.90624 173.01627 
2839.21047 31.97016 171.97113 
2854.64096 31.89328 170.52711 
2870.07145 31.95507 169.59184 
2885.50194 32.34800 169.15181 
2900.93244 32.65595 168.70399 
2916.36293 32.61349 168.69817 
2931.79342 32.66236 168.63330 
2947.22391 32.88134 167.91096 
2962.65440 32.98833 167.67143 
2978.08489 32.92508 168.02773 
2993.51539 32.70211 168.37090 
3008.94588 32.54396 168.78145 
3024.37637 32.60574 168.89069 
3039.80686 32.77011 168.50369 
3055.23735 32.94121 168.32225 
3070.66784 33.07693 168.45236 
3086.09834 33.12868 168.45947 
3101.52883 33.01891 168.53281 
3116.95932 32.76710 168.81139 
3132.38981 32.44495 168.66554 
3147.82030 32.08484 168.21355 
3163.25079 31.90591 168.73079 
3178.68129 31.98576 169.93777 
3194.11178 32.07676 170.44717 
3209.54227 32.11668 170.51849 
3224.97276 32.19924 170.52985 
3240.40325 32.23145 169.68228 
3255.83374 32.14259 168.44339 
3271.26424 32.09508 168.25557 
3286.69473 32.17308 168.62854 
3302.12522 32.24825 168.57004 
3317.55571 32.32336 168.88263 
3332.98620 32.49637 169.55869 
3348.41669 32.69046 169.21059 
3363.84719 32.76429 168.21869 
3379.27768 32.76021 167.68967 
3394.70817 32.80383 167.25983 
3410.13866 32.88027 166.66245 
3425.56915 32.97812 166.66422 
3440.99964 33.11398 167.31905 
3456.43014 33.27587 167.47043 
3471.86063 33.46996 166.99170 
3487.29112 33.59962 166.83459 
3502.72161 33.60649 166.91119 
3518.15210 33.54348 166.54135 
3533.58259 33.45109 166.05574 
3549.01309 33.45171 166.16954 
3564.44358 33.56768 166.43011 
3579.87407 33.64914 166.33318 
3595.30456 33.65641 166.41704 
3610.73505 33.69286 166.51056 
3626.16554 33.80154 166.15820 
3641.59604 33.83941 165.76218 
3657.02653 33.71193 165.59297 
3672.45702 33.47609 165.69901 
3687.88751 33.27262 165.74973 
3703.31800 33.06012 166.02773 
3718.74849 32.72550 167.02521 
3734.17898 32.48255 167.93027 
3749.60948 32.48738 167.63403 
3765.03997 32.39384 167.03683 
3780.47046 32.24628 166.61310 
3795.90095 32.15800 166.02199 
3811.33144 32.10493 165.61060 
3826.76193 32.04158 165.95726 
3842.19243 32.01728 166.47299 
3857.62292 32.00637 166.77925 
3873.05341 31.94548 166.99327 
3888.48390 31.89530 166.63028 
3903.91439 31.80355 165.65950 
3919.34488 31.70953 164.87283 
3934.77538 31.77790 164.54854 
3950.20587 31.96721 164.61688 
3965.63636 32.10778 164.96530 
3981.06685 32.12710 165.25620 
3996.49734 32.04611 165.29695 
4011.92783 31.94171 164.99225 
4027.35833 31.90802 164.21930 
4042.78882 32.00049 163.56807 
4058.21931 32.16737 163.43405 
4073.64980 32.31668 163.26057 
4089.08029 32.36563 163.05119 
4104.51078 32.32348 163.24239 
4119.94128 32.29367 163.49030 
4135.37177 32.25982 163.36798 
4150.80226 32.19982 163.03465 
4166.23275 32.16014 162.58777 
4181.66324 32.15046 161.99817 
4197.09373 32.30582 161.47070 
4212.52423 32.61795 161.37296 
