GASIR_n=[3 2.5148 2.5164

4 2.5100 2.5116

5 2.5071 2.5087
6 2.5047 2.5063
7 2.5024 2.5040
8 2.4999 2.5015
9 2.4973 2.4989
10 2.4944 2.4960
11 2.4911 2.4927
12 2.4874 2.4890
13 2.4834 2.4850];

GAS2_n=GASIR_n(:,3);

GAS2_l=GASIR_n(:,1);

GASIR_k=[3 0.005  0.0095
4 0.006  0.008
5 0.03  0.035
6  0.001 0.001
7  0.001 0.001
8 0.002  0.006
9 0.003  0.005
10 0.007  0.009
11 0.03  0.035
12 0.14  0.2
13 0.3  0.4];

GAS2_k=GASIR_k(:,1)*1e-6.*GASIR_k(:,2)*1e2/(4*pi);