GASIR_n=[3 2.60963 2.61143
4 2.60385 2.60565
5 2.60023 2.60203
6 2.59724 2.59904
7 2.5943 2.5961
8 2.59122 2.59302
9 2.58786 2.58966
10 2.58415 2.58595
11 2.58003 2.58183
12 2.57547 2.57727
13 2.57033 2.57213];

GAS2_n=GASIR_n(:,3);

GAS2_l=GASIR_n(:,1);

GASIR_k=[3 0.01
4 0.01
5 0.01
6 1e-3
7 1e-3
8 0.002
9 0.006
10 0.008
11 0.03
12 0.2
13 0.3];

GAS2_k=GASIR_k(:,1)*1e-6.*GASIR_k(:,2)*1e2/(4*pi);

% GAS2_k=[0
%     0
%     0
%     0
%     0
%     0
%     0
%     0
%     0
% 0
% 0];