%Indices à 298 K
%---------------


infra_l=1e-4*[2025.4
2329.4
2748.7
3400
3600
3654.8
3800
4000
4046.5
4358.3
4500
4861.3
5000
5460.7
5500
5875.6
6000
6500
6562.7
7000
7500
8000
8500
9000
10000
11000
12000
13000
14000
15000
16000
17000
18000
19000
20000
21000
22000
23000
24000
25000
26000
27000
28000
29000
30000
31000
32000
33000
34000
35000];

infra_n=[1.5473
1.5183
1.4963
1.4788
1.4754
1.4746
1.4726
1.4703
1.4697
1.4668
1.4657
1.4632
1.4624
1.4602
1.46
1.4586
1.4581
1.4566
1.4565
1.4554
1.4543
1.4534
1.4526
1.4519
1.4505
1.4493
1.4482
1.447
1.4459
1.4447
1.4435
1.4423
1.441
1.4396
1.4382
1.4367
1.4351
1.4335
1.4318
1.43
1.428
1.426
1.4239
1.4217
1.4194
1.417
1.4144
1.4118
1.409
1.4061];

