

l_inp=[0.06199
0.063579
0.065253
0.067016
0.068878
0.070846
0.072929
0.075139
0.077488
0.079987
0.082653
0.085503
0.088557
0.091837
0.095369
0.099184
0.10332
0.10781
0.11271
0.11808
0.12398
0.12523
0.12651
0.12781
0.12915
0.13051
0.13189
0.13331
0.13476
0.13624
0.13776
0.1393
0.14089
0.14251
0.14416
0.14586
0.1476
0.14937
0.1512
0.15306
0.15498
0.15694
0.15895
0.16101
0.16313
0.16531
0.16754
0.16984
0.17219
0.17462
0.17711
0.17968
0.18232
0.18505
0.18785
0.19074
0.19372
0.19679
0.19997
0.20325
0.20663
0.206635
0.20872
0.21014
0.210145
0.21229
0.21376
0.213765
0.21599
0.21751
0.217515
0.21982
0.22139
0.221395
0.22379
0.22542
0.2279
0.22959
0.23217
0.23393
0.2366
0.23842
0.24121
0.2431
0.24599
0.24796
0.25097
0.25302
0.25616
0.25829
0.26156
0.26379
0.2672
0.26952
0.27308
0.27551
0.27923
0.28177
0.28567
0.28833
0.29241
0.29519
0.29947
0.30239
0.30688
0.30995
0.31467
0.3179
0.32287
0.32626
0.3315
0.33508
0.3406
0.34439
0.35023
0.35423
0.36041
0.36465
0.3712
0.3757
0.38265
0.38744
0.39484
0.39993
0.40783
0.41327
0.4217
0.42752
0.43655
0.44279
0.45248
0.45919
0.46962
0.47685
0.48811
0.49592
0.50811
0.51658
0.52983
0.53904
0.55348
0.56354
0.57935
0.59038
0.60774
0.6199
0.63907
0.65253
0.6738
0.68878
0.71253
0.72929
0.75598
0.77488
0.80507
0.82653
0.92522
0.93008
0.93499
0.93995
0.94497
0.95004
0.95369
0.9559
0.96034
0.96109
0.96558
0.96859
0.97087
0.97545
0.97622
0.98397
0.99184
0.99984
1.0007
1.008
1.0162
1.0246
1.0332
1.0781
1.1001
1.1271
1.1808
1.2002
1.2398
1.3004
1.3051
1.3776
1.4004
1.4586
1.5498
1.6531
1.7711
1.9074
2.0663
2.2542
2.4796
2.7551
3.0995
3.5423
4.1327
4.9592
6.199
6.8878
7.7488
8.8557
10.332
12.398
13.776
14.586
15.498
16.531
17.711
19.074
20.663
22.542
24.391
24.796
25.001
25.318
25.642
25.975
26.317
26.668
27.029
27.399
27.78
28.171
28.573
28.732
28.9
29.069
29.241
29.414
29.582
29.76
29.94
30.122
30.298
30.484
30.673
30.864
31.057
31.245
31.443
31.644
31.847
32.053
32.253
32.464
32.575
32.678
32.782
32.895
33
33.114
33.221
33.328
33.553
33.782
34.014
34.249
34.477
35.082
35.709
36.358
37.031
38.455
39.994
41.66
43.471
45.447
47.611
49.992
66.656
99.984
124.99
166.66
250.01
499.92
999.84];

n_inp=[0.793
0.815
0.834
0.843
0.846
0.84
0.824
0.785
0.742
0.719
0.695
0.675
0.688
0.701
0.726
0.754
0.771
0.781
0.793
0.797
0.806
0.82
0.832
0.84
0.847
0.852
0.859
0.861
0.865
0.868
0.872
0.874
0.875
0.877
0.885
0.894
0.909
0.919
0.934
0.947
0.96
0.973
0.984
1
1.022
1.046
1.072
1.1
1.136
1.174
1.215
1.261
1.307
1.354
1.402
1.453
1.496
1.526
1.525
1.508
1.5
1.336
1.318
1.301
1.516
1.301
1.299
1.544
1.311
1.325
1.573
1.352
1.375
1.616
1.407
1.426
1.447
1.455
1.467
1.482
1.519
1.558
1.649
1.745
1.958
2.131
2.391
2.546
2.782
2.984
3.344
3.56
3.757
3.8
3.759
3.697
3.593
3.527
3.437
3.384
3.314
3.275
3.224
3.196
3.161
3.141
3.119
3.108
3.097
3.095
3.097
3.103
3.118
3.133
3.165
3.193
3.248
3.299
3.426
3.576
3.819
3.976
4.296
4.415
4.433
4.395
4.314
4.256
4.173
4.121
4.048
4.004
3.94
3.903
3.851
3.818
3.773
3.745
3.706
3.682
3.649
3.629
3.602
3.585
3.563
3.549
3.53
3.517
3.501
3.492
3.481
3.476
3.469
3.467
3.459
3.456
3.3962
3.3905
3.385
3.3797
3.3746
3.3696
3.362
3.3647
3.36
3.353
3.3555
3.345
3.351
3.3467
3.337
3.33
3.324
3.318
3.3269
3.312
3.307
3.302
3.297
3.274
3.2687
3.254
3.236
3.2312
3.22
3.2053
3.205
3.191
3.1864
3.178
3.167
3.156
3.146
3.137
3.129
3.121
3.114
3.107
3.101
3.095
3.089
3.083
3.074
3.069
3.062
3.053
3.038
3.012
2.99
2.975
2.956
2.932
2.898
2.851
2.78
2.662
2.494
2.429
2.411
2.361
2.305
2.239
2.163
2.072
1.963
1.827
1.653
1.418
1.069
0.869
0.611
0.372
0.273
0.234
0.216
0.209
0.209
0.213
0.221
0.234
0.251
0.275
0.307
0.35
0.409
0.493
0.619
0.822
1.81
1.94
2.69
4
6.42
10.2
12.7
12.5
11.4
10.4
8.93
7.95
7.28
6.78
6.39
5.73
5.31
5.01
4.79
4.48
4.27
4.13
4.02
3.93
3.87
3.81
3.65
3.57
3.551
3.538
3.529
3.523
3.522];

k_inp=[0.494
0.499
0.493
0.487
0.477
0.469
0.454
0.457
0.491
0.529
0.574
0.645
0.706
0.765
0.82
0.861
0.899
0.946
0.996
1.056
1.154
1.172
1.185
1.198
1.21
1.225
1.237
1.253
1.269
1.287
1.304
1.324
1.346
1.375
1.403
1.433
1.458
1.486
1.512
1.539
1.566
1.594
1.627
1.664
1.7
1.736
1.771
1.812
1.847
1.882
1.915
1.941
1.966
1.986
2.994
2.01
2.008
1.991
1.982
2.005
2.063
2.113
2.151
2.183
2.13
2.239
2.28
2.191
2.341
2.383
2.267
2.446
2.484
2.349
2.532
2.562
2.611
2.652
2.734
2.802
2.922
3.016
3.176
3.291
3.438
3.495
3.519
3.514
3.523
3.517
3.401
3.223
2.877
2.637
2.335
2.186
2.024
1.948
1.865
1.826
1.782
1.762
1.742
1.735
1.73
1.73
1.737
1.744
1.76
1.773
1.797
1.816
1.848
1.872
1.915
1.948
2.009
2.06
2.159
2.209
2.177
2.143
1.966
1.735
1.414
1.247
1.061
0.964
0.847
0.786
0.712
0.667
0.614
0.579
0.536
0.511
0.479
0.457
0.431
0.416
0.393
0.38
0.358
0.347
0.329
0.317
0.299
0.293
0.278
0.27
0.255
0.242
0.225
0.218
0.209
0.203
0.0355
0.0109
0.0059
0.00318
0.000967
0.000527
0.000281
0
7.39e-005
0
3.92e-005
2.46e-005
0
1.13e-005
0
0
0
0
0
0
0
0
0
0
0
0
0
0
0
0
0
0
0
0
0
0
0
0
0
0
0
0
0
0
0
0
0
0
0
0
0
0
0
0.00148
0.0039
0
0
0
0.0146
0.0115
0
0.0335
0
0.019
0.021
0.025
0.029
0.035
0.043
0.054
0.07
0.099
0.16
0.22
0.34
0.61
0.92
1.2
1.45
1.69
1.93
2.16
2.41
2.67
2.94
3.24
3.57
3.94
4.37
4.87
5.48
6.26
7.32
8.83
9.85
11.1
12.1
11.6
8.24
5
3.14
2.13
1.17
0.749
0.525
0.391
0.304
0.183
0.124
0.089
0.068
0.043
0.03
0.022
0.017
0.013
0.011
0.0087
0
0
0
0
0
0
0];
