%Indices à 298 K
%---------------

si3n4_l=[0.15399
0.15496
0.15595
0.15694
0.15795
0.15897
0.16
0.16105
0.16211
0.16318
0.16427
0.16537
0.16649
0.16763
0.16878
0.16994
0.17112
0.17232
0.17354
0.17477
0.17602
0.17729
0.17857
0.17988
0.1812
0.18254
0.18391
0.18529
0.1867
0.18812
0.18957
0.19104
0.19254
0.19406
0.1956
0.19716
0.19875
0.20037
0.20202
0.20369
0.20539
0.20712
0.20887
0.21066
0.21248
0.21433
0.21621
0.21813
0.22008
0.22206
0.22408
0.22614
0.22824
0.23038
0.23255
0.23477
0.23703
0.23933
0.24168
0.24408
0.24652
0.24902
0.25156
0.25416
0.25681
0.25952
0.26228
0.26511
0.26799
0.27094
0.27396
0.27704
0.2802
0.28342
0.28672
0.2901
0.29356
0.29711
0.30073
0.30445
0.30827
0.31217
0.31618
0.3203
0.32452
0.32886
0.33331
0.33788
0.34259
0.34742
0.35239
0.35751
0.36278
0.36821
0.3738
0.37956
0.3855
0.39164
0.39797
0.40451
0.41127
0.41825
0.42548
0.43297
0.44072
0.44875
0.45708
0.46573
0.47471
0.48405
0.49376
0.50386
0.51439
0.52537
0.53683
0.54879
0.56131
0.5744
0.58813
0.60252
0.61764
0.63353
0.65027
0.66791
0.68654
0.70623
0.72709
0.74922
0.77274
0.79778
0.8245
0.85307
0.8837
0.9166
0.95205
0.99035
1.0319
1.077
1.1263
1.1803
1.2397];

si3n4_n=[2.651
2.6639
2.6765
2.6885
2.7001
2.711
2.7212
2.7306
2.7391
2.7466
2.753
2.7579
2.7616
2.7642
2.7656
2.7658
2.7649
2.7629
2.76
2.7563
2.752
2.7475
2.7425
2.7369
2.7307
2.7241
2.7169
2.7092
2.7009
2.6918
2.682
2.6711
2.6594
2.647
2.6339
2.6198
2.605
2.5894
2.5734
2.5572
2.541
2.5253
2.5097
2.4943
2.4791
2.464
2.4492
2.4347
2.4205
2.4066
2.393
2.3799
2.3671
2.3547
2.3427
2.331
2.3197
2.3087
2.2981
2.2879
2.278
2.2685
2.2594
2.2506
2.2421
2.234
2.2263
2.2188
2.2117
2.2047
2.198
2.1914
2.185
2.1789
2.173
2.1669
2.161
2.1559
2.151
2.1459
2.141
2.1364
2.132
2.1275
2.123
2.1184
2.114
2.1104
2.107
2.103
2.099
2.0954
2.092
2.0885
2.085
2.0814
2.078
2.0749
2.072
2.069
2.066
2.0629
2.06
2.0574
2.055
2.0525
2.05
2.0474
2.045
2.0429
2.041
2.039
2.037
2.035
2.033
2.031
2.029
2.0269
2.025
2.0234
2.022
2.0205
2.019
2.0175
2.016
2.0145
2.013
2.0114
2.01
2.0089
2.008
2.007
2.006
2.005
2.004
2.003
2.002
2.001
2
1.999
1.998];

si3n4_k=[0.962
0.9443
0.92587
0.90669
0.88674
0.866
0.84446
0.82211
0.79893
0.77505
0.75
0.723
0.69514
0.66711
0.63939
0.61276
0.5871
0.56274
0.53915
0.51595
0.493
0.46997
0.44708
0.42448
0.40212
0.37997
0.35806
0.33637
0.31495
0.29388
0.273
0.25201
0.23138
0.21139
0.19225
0.17427
0.15744
0.14192
0.12756
0.11421
0.102
0.091125
0.08132
0.072406
0.06432
0.056958
0.050264
0.044158
0.038608
0.033607
0.029
0.024571
0.020494
0.016856
0.013709
0.01116
0.009132
0.007641
0.00652
0.005658
0.0049
0.003992
0.003114
0.002366
0.001733
0.001242
0.000871
0.000623
0.000454
0.000325
0.00022
9.5e-005
0
1.4e-005
0
0
0
0
0
0
0
0
0
0
0
0
0
0
0
0
0
0
0
0
0
0
0
0
0
0
0
0
0
0
0
0
0
0
0
0
0
0
0
0
0
0
0
0
0
0
0
0
0
0
0
0
0
0
0
0
0
0
0
0
0
0
0
0
0
0
0];

